seed = 2806 sort algorithm = Bubble Sort

Unsorted:
        11        546        135         51          1        193 -999883435   55375545
        11        546        135         51          1        193 -999883435   55375545
        11        546        135         51          1        193 -999883435   55375545
        11        546        135         51          1        193 -999883435   55375545
        11        546        135         51          1        193 -999883435   55375545
        11        546        135         51          1        193 -999883435   55375545
        11        546        135         51          1        193 -999883435   55375545
        11        546        135         51          1        193 -999883435   55375545
        11        546        135         51          1        193 -999883435   55375545
        11        546        135         51          1        193 -999883435   55375545
        11        546        135         51          1        193 -999883435   55375545
        11        546        135         51          1        193 -999883435   55375545
        11        546        135         51          1        193 -999883435   55375545
        11        546        135         51          1        193 -999883435   55375545
        11        546        135         51          1        193 -999883435   55375545
        11        546        135         51          1        193 -999883435   55375545
        11        546        135         51          1        193 -999883435   55375545
        11        546        135         51          1        193 -999883435   55375545
        11        546        135         51          1        193 -999883435   55375545
        11        546        135         51          1        193 -999883435   55375545
        11        546        135         51          1        193 -999883435   55375545
        11        546        135         51          1        193 -999883435   55375545
        11        546        135         51          1        193 -999883435   55375545
        11        546        135         51          1        193 -999883435   55375545
        11        546        135         51          1        193 -999883435   55375545
        11        546        135         51          1        193 -999883435   55375545
        11        546        135         51          1        193 -999883435   55375545
        11        546        135         51          1        193 -999883435   55375545
        11        546        135         51          1        193 -999883435   55375545
        11        546        135         51          1        193 -999883435   55375545
        11        546        135         51          1        193 -999883435   55375545
        11        546        135         51          1        193 -999883435   55375545
        11        546        135         51          1        193 -999883435   55375545
        11        546        135         51          1        193 -999883435   55375545
        11        546        135         51          1        193 -999883435   55375545
        11        546        135         51          1        193 -999883435   55375545
        11        546        135         51          1        193 -999883435   55375545
        11        546        135         51          1        193 -999883435   55375545
        11        546        135         51          1        193 -999883435   55375545
        11        546        135         51          1        193 -999883435   55375545
        11        546        135         51          1        193 -999883435   55375545
        11        546        135         51          1        193 -999883435   55375545
        11        546        135         51          1        193 -999883435   55375545
        11        546        135         51          1        193 -999883435   55375545
        11        546        135         51          1        193 -999883435   55375545
        11        546        135         51          1        193 -999883435   55375545
        11        546        135         51          1        193 -999883435   55375545
        11        546        135         51          1        193 -999883435   55375545
        11        546        135         51          1        193 -999883435   55375545
        11        546        135         51          1        193 -999883435   55375545
        11        546        135         51          1        193 -999883435   55375545
        11        546        135         51          1        193 -999883435   55375545
        11        546        135         51          1        193 -999883435   55375545
        11        546        135         51          1        193 -999883435   55375545
        11        546        135         51          1        193 -999883435   55375545
        11        546        135         51          1        193 -999883435   55375545
        11        546        135         51          1        193 -999883435   55375545
        11        546        135         51          1        193 -999883435   55375545
        11        546        135         51          1        193 -999883435   55375545
        11        546        135         51          1        193 -999883435   55375545
        11        546        135         51          1        193 -999883435   55375545
        11        546        135         51          1        193 -999883435   55375545
        11        546        135         51          1        193 -999883435   55375545
        11        546        135         51          1        193 -999883435   55375545
        11        546        135         51          1        193 -999883435   55375545
        11        546        135         51          1        193 -999883435   55375545
        11        546        135         51          1        193 -999883435   55375545
        11        546        135         51          1        193 -999883435   55375545
        11        546        135         51          1        193 
Sorting:

Sorted:
        11         51        135        193        546   55375545 -999883435          1
        11         51        135        193        546   55375545 -999883435          1
        11         51        135        193        546   55375545 -999883435          1
        11         51        135        193        546   55375545 -999883435          1
        11         51        135        193        546   55375545 -999883435          1
        11         51        135        193        546   55375545 -999883435          1
        11         51        135        193        546   55375545 -999883435          1
        11         51        135        193        546   55375545 -999883435          1
        11         51        135        193        546   55375545 -999883435          1
        11         51        135        193        546   55375545 -999883435          1
        11         51        135        193        546   55375545 -999883435          1
        11         51        135        193        546   55375545 -999883435          1
        11         51        135        193        546   55375545 -999883435          1
        11         51        135        193        546   55375545 -999883435          1
        11         51        135        193        546   55375545 -999883435          1
        11         51        135        193        546   55375545 -999883435          1
        11         51        135        193        546   55375545 -999883435          1
        11         51        135        193        546   55375545 -999883435          1
        11         51        135        193        546   55375545 -999883435          1
        11         51        135        193        546   55375545 -999883435          1
        11         51        135        193        546   55375545 -999883435          1
        11         51        135        193        546   55375545 -999883435          1
        11         51        135        193        546   55375545 -999883435          1
        11         51        135        193        546   55375545 -999883435          1
        11         51        135        193        546   55375545 -999883435          1
        11         51        135        193        546   55375545 -999883435          1
        11         51        135        193        546   55375545 -999883435          1
        11         51        135        193        546   55375545 -999883435          1
        11         51        135        193        546   55375545 -999883435          1
        11         51        135        193        546   55375545 -999883435          1
        11         51        135        193        546   55375545 -999883435          1
        11         51        135        193        546   55375545 -999883435          1
        11         51        135        193        546   55375545 -999883435          1
        11         51        135        193        546   55375545 -999883435          1
        11         51        135        193        546   55375545 -999883435          1
        11         51        135        193        546   55375545 -999883435          1
        11         51        135        193        546   55375545 -999883435          1
        11         51        135        193        546   55375545 -999883435          1
        11         51        135        193        546   55375545 -999883435          1
        11         51        135        193        546   55375545 -999883435          1
        11         51        135        193        546   55375545 -999883435          1
        11         51        135        193        546   55375545 -999883435          1
        11         51        135        193        546   55375545 -999883435          1
        11         51        135        193        546   55375545 -999883435          1
        11         51        135        193        546   55375545 -999883435          1
        11         51        135        193        546   55375545 -999883435          1
        11         51        135        193        546   55375545 -999883435          1
        11         51        135        193        546   55375545 -999883435          1
        11         51        135        193        546   55375545 -999883435          1
        11         51        135        193        546   55375545 -999883435          1
        11         51        135        193        546   55375545 -999883435          1
        11         51        135        193        546   55375545 -999883435          1
        11         51        135        193        546   55375545 -999883435          1
        11         51        135        193        546   55375545 -999883435          1
        11         51        135        193        546   55375545 -999883435          1
        11         51        135        193        546   55375545 -999883435          1
        11         51        135        193        546   55375545 -999883435          1
        11         51        135        193        546   55375545 -999883435          1
        11         51        135        193        546   55375545 -999883435          1
        11         51        135        193        546   55375545 -999883435          1
        11         51        135        193        546   55375545 -999883435          1
        11         51        135        193        546   55375545 -999883435          1
        11         51        135        193        546   55375545 -999883435          1
        11         51        135        193        546   55375545 -999883435          1
        11         51        135        193        546   55375545 -999883435          1
        11         51        135        193        546   55375545 -999883435          1
        11         51        135        193        546   55375545 -999883435          1
        11         51        135        193        546   55375545 -999883435          1
        11         51        135        193        546   55375545 
